15 15
15 20
15 25
15 30
15 35
15 40
15 45
15 50
15 55
15 60
15 65
15 70
15 75
15 80
15 85
15 90
15 95
15 100
15 105
15 110
15 115
15 120
15 125
15 130
15 135
15 140
15 145
15 150
20 15
20 20
20 25
20 30
20 35
20 40
20 45
20 50
20 55
20 60
20 65
20 70
20 75
20 80
20 85
20 90
20 95
20 100
20 105
20 110
20 115
20 120
20 125
20 130
20 135
20 140
20 145
20 150
25 15
25 20
25 25
25 30
25 35
25 40
25 45
25 50
25 55
25 60
25 65
25 70
25 75
25 80
25 85
25 90
25 95
25 100
25 105
25 110
25 115
25 120
25 125
25 130
25 135
25 140
25 145
25 150
30 15
30 20
30 25
30 30
30 35
30 40
30 45
30 50
30 55
30 60
30 65
30 70
30 75
30 80
30 85
30 90
30 95
30 100
30 105
30 110
30 115
30 120
30 125
30 130
30 135
30 140
30 145
30 150
35 15
35 20
35 25
35 30
35 35
35 40
35 45
35 50
35 55
35 60
35 65
35 70
35 75
35 80
35 85
35 90
35 95
35 100
35 105
35 110
35 115
35 120
35 125
35 130
35 135
35 140
35 145
35 150
40 15
40 20
40 25
40 30
40 35
40 40
40 45
40 50
40 55
40 60
40 65
40 70
40 75
40 80
40 85
40 90
40 95
40 100
40 105
40 110
40 115
40 120
40 125
40 130
40 135
40 140
40 145
40 150
45 15
45 20
45 25
45 30
45 35
45 40
45 45
45 50
45 55
45 60
45 65
45 70
45 75
45 80
45 85
45 90
45 95
45 100
45 105
45 110
45 115
45 120
45 125
45 130
45 135
45 140
45 145
45 150
50 15
50 20
50 25
50 30
50 35
50 40
50 45
50 50
50 55
50 60
50 65
50 70
50 75
50 80
50 85
50 90
50 95
50 100
50 105
50 110
50 115
50 120
50 125
50 130
50 135
50 140
50 145
50 150
55 15
55 20
55 25
55 30
55 35
55 40
55 45
55 50
55 55
55 60
55 65
55 70
55 75
55 80
55 85
55 90
55 95
55 100
55 105
55 110
55 115
55 120
55 125
55 130
55 135
55 140
55 145
55 150
60 15
60 20
60 25
60 30
60 35
60 40
60 45
60 50
60 55
60 60
60 65
60 70
60 75
60 80
60 85
60 90
60 95
60 100
60 105
60 110
60 115
60 120
60 125
60 130
60 135
60 140
60 145
60 150
65 15
65 20
65 25
65 30
65 35
65 40
65 45
65 50
65 55
65 60
65 65
65 70
65 75
65 80
65 85
65 90
65 95
65 100
65 105
65 110
65 115
65 120
65 125
65 130
65 135
65 140
65 145
65 150
70 15
70 20
70 25
70 30
70 35
70 40
70 45
70 50
70 55
70 60
70 65
70 70
70 75
70 80
70 85
70 90
70 95
70 100
70 105
70 110
70 115
70 120
70 125
70 130
70 135
70 140
70 145
70 150
75 15
75 20
75 25
75 30
75 35
75 40
75 45
75 50
75 55
75 60
75 65
75 70
75 75
75 80
75 85
75 90
75 95
75 100
75 105
75 110
75 115
75 120
75 125
75 130
75 135
75 140
75 145
75 150
80 15
80 20
80 25
80 30
80 35
80 40
80 45
80 50
80 55
80 60
80 65
80 70
80 75
80 80
80 85
80 90
80 95
80 100
80 105
80 110
80 115
80 120
80 125
80 130
80 135
80 140
80 145
80 150
85 15
85 20
85 25
85 30
85 35
85 40
85 45
85 50
85 55
85 60
85 65
85 70
85 75
85 80
85 85
85 90
85 95
85 100
85 105
85 110
85 115
85 120
85 125
85 130
85 135
85 140
85 145
85 150
90 15
90 20
90 25
90 30
90 35
90 40
90 45
90 50
90 55
90 60
90 65
90 70
90 75
90 80
90 85
90 90
90 95
90 100
90 105
90 110
90 115
90 120
90 125
90 130
90 135
90 140
90 145
90 150
95 15
95 20
95 25
95 30
95 35
95 40
95 45
95 50
95 55
95 60
95 65
95 70
95 75
95 80
95 85
95 90
95 95
95 100
95 105
95 110
95 115
95 120
95 125
95 130
95 135
95 140
95 145
95 150
100 15
100 20
100 25
100 30
100 35
100 40
100 45
100 50
100 55
100 60
100 65
100 70
100 75
100 80
100 85
100 90
100 95
100 100
100 105
100 110
100 115
100 120
100 125
100 130
100 135
100 140
100 145
100 150
105 15
105 20
105 25
105 30
105 35
105 40
105 45
105 50
105 55
105 60
105 65
105 70
105 75
105 80
105 85
105 90
105 95
105 100
105 105
105 110
105 115
105 120
105 125
105 130
105 135
105 140
105 145
105 150
110 15
110 20
110 25
110 30
110 35
110 40
110 45
110 50
110 55
110 60
110 65
110 70
110 75
110 80
110 85
110 90
110 95
110 100
110 105
110 110
110 115
110 120
110 125
110 130
110 135
110 140
110 145
110 150
115 15
115 20
115 25
115 30
115 35
115 40
115 45
115 50
115 55
115 60
115 65
115 70
115 75
115 80
115 85
115 90
115 95
115 100
115 105
115 110
115 115
115 120
115 125
115 130
115 135
115 140
115 145
115 150
120 15
120 20
120 25
120 30
120 35
120 40
120 45
120 50
120 55
120 60
120 65
120 70
120 75
120 80
120 85
120 90
120 95
120 100
120 105
120 110
120 115
120 120
120 125
120 130
120 135
120 140
120 145
120 150
125 15
125 20
125 25
125 30
125 35
125 40
125 45
125 50
125 55
125 60
125 65
125 70
125 75
125 80
125 85
125 90
125 95
125 100
125 105
125 110
125 115
125 120
125 125
125 130
125 135
125 140
125 145
125 150
130 15
130 20
130 25
130 30
130 35
130 40
130 45
130 50
130 55
130 60
130 65
130 70
130 75
130 80
130 85
130 90
130 95
130 100
130 105
130 110
130 115
130 120
130 125
130 130
130 135
130 140
130 145
130 150
135 15
135 20
135 25
135 30
135 35
135 40
135 45
135 50
135 55
135 60
135 65
135 70
135 75
135 80
135 85
135 90
135 95
135 100
135 105
135 110
135 115
135 120
135 125
135 130
135 135
135 140
135 145
135 150
140 15
140 20
140 25
140 30
140 35
140 40
140 45
140 50
140 55
140 60
140 65
140 70
140 75
140 80
140 85
140 90
140 95
140 100
140 105
140 110
140 115
140 120
140 125
140 130
140 135
140 140
140 145
140 150
145 15
145 20
145 25
145 30
145 35
145 40
145 45
145 50
145 55
145 60
145 65
145 70
145 75
145 80
145 85
145 90
145 95
145 100
145 105
145 110
145 115
145 120
145 125
145 130
145 135
145 140
145 145
145 150
150 15
150 20
150 25
150 30
150 35
150 40
150 45
150 50
150 55
150 60
150 65
150 70
150 75
150 80
150 85
150 90
150 95
150 100
150 105
150 110
150 115
150 120
150 125
150 130
150 135
150 140
150 145
150 150
